[PurityMatrix_Batch]
sig126	0.91667	0.00708	0.00849	0.00000	0.00000	0.00000	0.00000	0.00000	0.00000	0.00000	0.00000	0.00000	0.00000	0.00000	0.00000	0.00000	0.00000	0.00000
sig127N	0.00000	0.90752	0.00000	0.00748	0.00000	0.00000	0.00000	0.00000	0.00000	0.00000	0.00000	0.00000	0.00000	0.00000	0.00000	0.00000	0.00000	0.00000
sig127C	0.08333	0.00000	0.91274	0.00593	0.01356	0.00000	0.00000	0.00000	0.00000	0.00000	0.00000	0.00000	0.00000	0.00000	0.00000	0.00000	0.00000	0.00000
sig128N	0.00000	0.08540	0.00000	0.91241	0.00000	0.01332	0.00000	0.00000	0.00000	0.00000	0.00000	0.00000	0.00000	0.00000	0.00000	0.00000	0.00000	0.00000
sig128C	0.00000	0.00000	0.07877	0.00000	0.92268	0.01168	0.02516	0.00000	0.00000	0.00000	0.00000	0.00000	0.00000	0.00000	0.00000	0.00000	0.00000	0.00000
sig129N	0.00000	0.00000	0.00000	0.07418	0.00000	0.91241	0.00000	0.02226	0.00000	0.00000	0.00000	0.00000	0.00000	0.00000	0.00000	0.00000	0.00000	0.00000
sig129C	0.00000	0.00000	0.00000	0.00000	0.06376	0.00000	0.91836	0.00249	0.02872	0.00000	0.00000	0.00000	0.00000	0.00000	0.00000	0.00000	0.00000	0.00000
sig130N	0.00000	0.00000	0.00000	0.00000	0.00000	0.06259	0.00000	0.92370	0.00000	0.02575	0.00000	0.00000	0.00000	0.00000	0.00000	0.00000	0.00000	0.00000
sig130C	0.00000	0.00000	0.00000	0.00000	0.00000	0.00000	0.05648	0.00000	0.92661	0.00583	0.03629	0.00000	0.00000	0.00000	0.00000	0.00000	0.00000	0.00000
sig131N	0.00000	0.00000	0.00000	0.00000	0.00000	0.00000	0.00000	0.05154	0.00000	0.92610	0.00000	0.03374	0.00000	0.00000	0.00000	0.00000	0.00000	0.00000
sig131C	0.00000	0.00000	0.00000	0.00000	0.00000	0.00000	0.00000	0.00000	0.04466	0.00000	0.93049	0.00679	0.04276	0.00000	0.00000	0.00000	0.00000	0.00000
sig132N	0.00000	0.00000	0.00000	0.00000	0.00000	0.00000	0.00000	0.00000	0.00000	0.04232	0.00000	0.94251	0.00000	0.02927	0.00000	0.00000	0.00000	0.00000
sig132C	0.00000	0.00000	0.00000	0.00000	0.00000	0.00000	0.00000	0.00000	0.00000	0.00000	0.03322	0.00000	0.93976	0.00681	0.04680	0.00000	0.00000	0.00000
sig133N	0.00000	0.00000	0.00000	0.00000	0.00000	0.00000	0.00000	0.00000	0.00000	0.00000	0.00000	0.01697	0.00000	0.93223	0.00000	0.05119	0.00000	0.00000
sig133C	0.00000	0.00000	0.00000	0.00000	0.00000	0.00000	0.00000	0.00000	0.00000	0.00000	0.00000	0.00000	0.01748	0.00000	0.94349	0.00578	0.05491	0.00000
sig134N	0.00000	0.00000	0.00000	0.00000	0.00000	0.00000	0.00000	0.00000	0.00000	0.00000	0.00000	0.00000	0.00000	0.03170	0.00000	0.93240	0.00000	0.05124
sig134C	0.00000	0.00000	0.00000	0.00000	0.00000	0.00000	0.00000	0.00000	0.00000	0.00000	0.00000	0.00000	0.00000	0.00000	0.00972	0.00000	0.94509	0.00340
sig135N	0.00000	0.00000	0.00000	0.00000	0.00000	0.00000	0.00000	0.00000	0.00000	0.00000	0.00000	0.00000	0.00000	0.00000	0.00000	0.01063	0.00000	0.94536